../../../../../.git/annex/objects/8p/6P/MD5E-s1428--fb2da0dc93f821ca1cb947b9546e53c5.csv/MD5E-s1428--fb2da0dc93f821ca1cb947b9546e53c5.csv